# FAST-LIVO2 calibration format
cam_model: Pinhole
cam_width: 1440
cam_height: 1080
scale: 1.0
cam_fx: 522.124
cam_fy: 522.275
cam_cx: 773.466
cam_cy: 534.053
cam_d0: 0.0032495
cam_d1: -0.0171041
cam_d2: 0.000669657
cam_d3: -0.000350205

Rcl: [ -0.029876,  -0.999541,   0.005089,
        0.020326,  -0.005698,  -0.999777,
        0.999347,  -0.029766,   0.020487]
Pcl: [ -0.004128,  -0.094467,  -0.044974]
